6 32 16 8 4 
-0,848994442191438
0,700373906502674
-0,30365431928246
0,396738361286343
-0,774120933271069
0,0995403384322022
0,977105934162208
-0,880964786690178
0,35306900802677
-0,304711104046885
-0,0801962023043056
0,632804293945806
0,816823685456451
-0,302567359666604
0,774499144300119
0,260595499193573
0,319783684480835
-0,572007825398821
0,287151759158425
-0,379032864877504
-0,498134200227509
0,430700639929017
0,189786734613491
-0,55390114409565
-0,997910755685489
-0,989896234120194
0,117267919293264
0,761236155294458
-0,776682332985421
-0,0145288021371368
-0,154060729385382
-0,200258550793053
0,783857202988052
0,9978316547339
0,135182555362201
0,425773668766848
0,349269444751213
0,275838547049015
-0,540832287418112
-0,788214086456324
0,405380146301063
0,39802664583457
-0,834290649664724
-0,910209182608039
0,340588078527054
-0,0809282078784557
-0,382671368952222
0,795632002780043
0,815297976050199
0,734261491212184
-0,838008809759286
0,696040042534489
-0,105608269155774
0,808138262391155
0,63025334832736
-0,279695082120455
-0,489412828110816
-0,74975317518681
0,394649116971832
-0,784224699150876
0,982272419138938
-0,78413022113225
0,895717546295243
-0,632402189836093
0,849349625338497
-0,879937651511253
0,848947090957755
0,818992030722551
0,562250084971194
-0,651274524466728
0,91132605444236
-0,956054862568181
0,968824462019291
0,075365845614749
0,215586988821433
0,10383915393792
0,264991289593741
0,0999959172215295
0,105510777377296
0,0830174521929665
0,392775134832028
0,321635916513221
0,945938179244258
-0,510943824197605
-0,176519992377851
0,149899228080129
0,905349718362721
0,975718940596897
-0,63242169359346
-0,585122362517343
-0,084813503122336
0,0990226199380226
0,881189430077183
-0,756607588267237
-0,770486505595262
0,189510367433313
0,502309099539327
0,79811154017137
-0,759558807946536
0,220525730038307
0,0701247011637895
-0,201663399674773
-0,766618082191152
0,466572500516927
0,822935436769824
-0,881953947191105
0,727215580515198
0,819025885229477
-0,407448726430279
-0,473585805610561
0,455313628285804
0,410591254667654
0,144736047435895
-0,688368335221134
-0,176999833982903
-0,339363497374283
-0,730068400376508
0,406661370492848
0,544117802541758
-0,300549602741631
-0,785287369873974
0,873228150360858
0,451413724316011
0,147372447488537
0,433538978655608
-0,187696565495663
-0,837244292645363
0,725432050286528
-0,154147648789989
-0,973923378611879
0,601530054398594
0,466879749422371
-0,140445274831934
0,884985047338989
-0,987107248970823
-0,405561465493199
0,0882539987043729
-0,520634321272669
-0,333879260967429
-0,294566045186746
0,422683647564931
-0,913676166866755
0,383167667027175
0,841164112017101
-0,0404359908031467
0,50459524221001
0,954286572502128
0,569557765298317
0,420392245715667
0,568876991779021
-0,0804212321901793
-0,904352270953521
-0,746006262370388
0,540990794795095
0,00581309991228074
0,196896550802931
0,346922876009216
0,0860094703203111
-0,966966478138681
0,0106320022654869
0,955290345454258
-0,998216469771329
-0,0268264659805346
-0,433525347818399
-0,0751158600091543
0,988433878863432
-0,448963470500411
0,259751000096905
-0,701261086250311
-0,771438368489704
0,572382503921344
0,79056592089616
-0,259459368539722
-0,161316152271496
0,276766749693438
-0,871611203007219
-0,509939516666317
0,61024961229891
-0,812191561708316
0,928943736445598
-0,141983137997791
-0,40680205794368
-0,694960195429139
0,276975359430991
0,1064978535783
0,505882325352115
0,212886011792759
0,31856393037297
-0,120828052573292
-0,184003799773754
0,247515658497585
-0,997755471615938
-0,553667843133988
0,655488736767084
-0,249856390641004
0,42090011733626
0,113150299113779
-0,183306985154425
-0,083720027973745
-0,0288698696665791
-0,0464412872895791
-0,305464427594777
0,270818851548628
0,191830614205371
0,996494487857676
0,12901284691366
0,355107097586201
0,415309889901108
-0,735775954898342
-0,1225756970805
-0,293163932530751
0,736673263710306
-0,101798967971373
-0,895910214584279
-0,847384859736722
0,362092403397938
0,696743725657809
0,696198174588474
0,4599767986033
0,419001814638731
-0,224452132929327
0,232472599126619
-0,619420947329803
0,482742713523443
-0,987278726877309
-0,882147740517812
-0,477367641160901
0,615394945077316
-0,224929804552779
0,434279310253579
0,614147957234712
0,897233628620037
0,963162980956567
0,835580777300327
-0,30059338607853
-0,884324344752507
0,92423196040291
0,212163005588652
0,177595185664294
-0,812042891891693
-0,47624850155611
-0,58628190289544
-0,163010013831318
0,0457616965499528
-0,981459643683145
-0,706208444994971
-0,317488561997883
-0,667736928755295
-0,978562363413424
-0,992354511279778
-0,499313709092938
0,322920253185053
0,768779370826101
0,895693812470741
0,186437925876322
0,61097348370169
0,984144007779725
-0,809420986943609
0,0365779032169737
-0,472364021219483
0,793536112547636
-0,682969425657284
-0,287375262606598
-0,907286523798148
-0,862304621311978
-0,611856997763671
-0,880279095787685
-0,859490570546822
-0,754489625689802
0,926495767164275
0,885330768248686
-0,223724957194051
-0,589308750624447
0,0484637473935559
0,0510928319073713
0,989842073055842
-0,022961772523337
0,630751210092917
-0,485250503516407
0,718929718117663
0,435340821480072
-0,809630712405606
0,593957308490741
-0,232575293273002
-0,0664069806534829
-0,70877229595034
-0,871545742206064
-0,932530831514174
-0,350857148575996
0,0884331302197805
-0,868468352532232
0,733652947346518
-0,824414897628322
-0,350040793116223
-0,605579004439329
-0,793279075898826
0,701093359711158
-0,25572349003317
-0,0919336821380694
0,630397354080527
-0,825929349207286
-0,457997991451061
-0,913247303065493
-0,905058130577699
-0,877685279528464
0,724411248101113
-0,0877709961905009
-0,279684376567455
-0,155399019436631
0,19659585282048
-0,366064743774973
-0,646607202313192
0,675829516572798
0,317648185099311
0,0922951573004458
0,603166824953243
-0,276926734148025
0,945200030666403
0,159120456855335
0,846467674638362
-0,740311255557607
-0,947748264273511
0,491366578029174
0,157077244090418
0,794964119696507
-0,848322179097832
-0,39931005956573
0,760732042491777
-0,345957248167115
-0,155628092193803
-0,711251286655316
-0,767238282490167
-0,277315107769014
-0,115647857596934
0,544859067324949
-0,106661187068867
-0,896383409340113
0,49901543906844
-0,354890013744538
0,209181771245404
0,378998700240161
0,408138634361391
0,222868187922457
0,452546998603524
-0,545502126005246
0,778138849780959
-0,94217656922628
-0,142063082727633
0,557664049583331
-0,208745829392572
0,483647658249199
0,755893329044754
0,585156053111495
0,0615986432235682
0,370708609638134
-0,878181084933775
0,0506354305197649
-0,0703245471559114
-0,700022250274207
0,970636899569368
0,123721307666842
0,151496961317722
-0,93372712840034
-0,999770927242828
-0,092152860524204
-0,598826461284806
0,630707905455822
-0,208522625830268
0,772789117774362
-0,801043655630687
0,499550234293356
0,224057826783535
0,300090044410941
0,949938685609931
-0,532531025601798
-0,148449889918999
-0,170616452195969
-0,96118042057435
-0,297420629904336
-0,983174730084452
-0,906145609871552
0,742753023161904
-0,796932007091554
0,862788581225457
0,360724249556998
-0,46714461570007
-0,352394335601662
0,661086249007418
0,513643532764932
0,423040152258724
0,842703382411368
0,173941137815798
0,199037689342647
-0,325526913313906
-0,914539536421438
-0,772498261077561
0,341865762761731
0,222639115165285
-0,455300140872272
-0,94667566472044
-0,852569055674863
0,266346056603988
0,0851477994980048
0,358707705214018
0,291703936314072
-0,740410168534336
-0,544196715366187
0,635217367501565
-0,405870331174634
-0,480841500442867
0,292435367262194
0,0118158510941155
-0,772903917251576
-0,716847520189754
0,876782509440921
0,380968284504939
-0,051571031590724
-0,796515709625797
-0,360495176799826
-0,625008244824134
0,753567874316856
0,969621656448404
0,2778338414048
-0,650251034484362
-0,643747038042055
-0,674390903522442
-0,974979862559112
-0,374383042275153
0,864478222031369
-0,760032764524237
0,50968434731927
0,606744432638746
0,494119720297921
-0,350744965183896
0,86939432559041
-0,17249166647554
-0,342394776336101
-0,155639712305572
-0,428915355088615
0,101134418091334
-0,922947900333883
0,0123882968967726
0,0669565801820515
-0,00551496679220109
-0,86939521500347
-0,169112468682748
-0,0531549449326261
-0,0841147904675988
-0,202309422754827
-0,295507820926378
0,279072770513162
0,138381472387529
-0,416865708034889
-0,830291896048138
-0,700243539037296
-0,822190712123267
0,988512215199187
-0,264601166017634
0,00245474325607287
-0,0339051601634851
-0,765430305975224
0,830186326908966
0,770739145470196
-0,645837566650397
0,00947415223786341
0,685690934623448
0,517696130796194
0,57784104793232
-0,586241845780165
0,0492741759164603
-0,27663693915896
-0,895931319285152
0,632399645462818
0,53837040510884
-0,702060344490251
-0,258820422579916
-0,0973349237336474
-0,716651191802999
-0,780855819480892
0,525365430640693
0,378764041410184
0,109134927908487
0,827926380479674
0,159986042957746
-0,0391055350373991
-0,628697125068259
0,0236101406736346
0,324411616346059
-0,650501426146599
0,691585037713677
-0,161003881674727
0,922206389681532
0,841905544438355
0,60498980507487
-0,133435275933442
-0,753134227242849
0,241649151426577
-0,287205853167552
0,985010880969936
-0,555086149626917
0,313191400521058
0,369004007135054
-0,497872944687434
0,748416401328713
0,981129118232582
0,175004089798314
0,50598182692471
0,044763886856271
0,871768448442113
0,55857688354262
0,275144211610381
0,705163407002186
-0,483745346536741
0,47708931261538
0,587330798426331
0,125434766116289
-0,997740053570708
-0,38924689748755
0,393267968387002
-0,361828722693878
-0,337919206050187
-0,806715485549865
0,228342474078919
-0,277826883493842
-0,789721942408812
-0,198843328840492
-0,737836863723508
-0,972590159612051
-0,328194318957717
-0,948926117247402
0,499530425993507
-0,810129070566096
-0,701662072772934
0,774230330146025
-0,787825969880366
-0,99023996572487
-0,392992127404079
-0,920490020849039
0,178856924725164
0,785890375164287
-0,134678951992969
0,978846253817364
0,452643167903946
-0,209078309689219
-0,583559173896703
0,133832711323087
0,405951736218273
-0,635183768177025
-0,982340993351462
0,741129957950269
-0,755394173672141
-0,369103951085873
0,319526178445446
0,346839603663813
0,78283305642327
0,119906886070923
-0,859338466943865
0,779953938806408
0,538138343737525
0,179972447073074
-0,087159046478178
0,478571986536762
-0,627041794186012
0,820694565689515
-0,940953542450887
0,0852732821764766
0,40682547977512
-0,257975676682766
0,264915282495746
0,577570764151202
-0,481573106479632
0,922749967278331
0,431896177787285
0,607377593222716
0,772850229299092
-0,316765459867551
-0,259358653453811
-0,562579216231862
-0,694267709597139
0,0764453462681014
0,395204934941235
0,897346904453517
-0,990249166260589
-0,0693242769079861
0,806468056424739
-0,13136562292062
-0,129655249011542
-0,0485016764367473
0,991397273722755
0,0922671440487108
0,869098501218994
-0,172946066210487
-0,458628364586564
0,99888447765209
-0,126950578357536
0,386749061470269
0,605888048003375
0,631948602214432
-0,268124767238332
0,33116754392682
0,727007231547966
-0,33607258709896
0,0999009493272289
-0,559911757502664
0,222703064429901
-0,678144140950471
0,198999871126842
0,712148585222731
0,573989374364721
0,0995985162908204
-0,620734460475265
0,703240749287997
0,474221648403547
-0,538307002530576
0,78476751213184
0,0154940490683046
0,468821152797351
0,442282482721974
-0,985773490735224
0,190412080469733
-0,785071468811981
-0,544672843788133
-0,249372950405522
-0,827351861552965
0,708472262932208
0,691372959730855
0,381378331864894
0,433011700135195
-0,265671828419749
-0,613898832171177
0,0773464921290736
0,108692744331757
0,705545551006471
-0,0254352535239585
0,349438114720135
-0,268722477959805
-0,202554044873712
0,569662591242074
0,707972658662113
0,48461219737521
0,669634505952538
0,158196165765727
0,377508949198532
-0,108201242568065
-0,286998395476024
-0,834142248069002
0,352832285385966
-0,920321362055988
-0,78588303447975
0,85755537257416
0,917927908672918
-0,836394434718599
0,617722092949656
0,541463152291935
0,116239012738801
0,271680075336099
0,913300363306562
-0,0727471891198062
-0,268384020434871
0,531330104699046
-0,0595224728153657
0,765988170991646
-0,0221795863575207
0,187888206535898
-0,977747975838253
0,270572795192978
0,997695198281526
-0,500343098072495
0,112254882749289
0,0534899900916452
-0,781951906057984
0,899158561555277
0,734309824059862
-0,470385688110434
0,520777574517195
0,0567323654222918
0,0778182070133362
0,858828292162543
0,459646533923059
0,54261451100121
-0,661459325655112
0,301699693920882
0,218894734614945
-0,123227200993908
-0,531826740844095
-0,0862590731523275
0,490970651382101
-0,835917601285464
0,858325733737241
-0,922241960615964
-0,182022841266367
0,870193144246094
-0,161953388323054
-0,823357446036934
-0,455865329809424
0,903646334960892
-0,819624247876752
-0,810379257337367
-0,130453266729812
0,442428809330998
-0,831837446350529
-0,146824616541539
-0,0325762448052765
0,160626975428605
0,639507278632143
-0,981230652882359
-0,57070425877846
0,0881077810600901
-0,97931442222526
-0,940493352683491
-0,806138131677237
-0,945527928855982
0,467606276957135
0,189001468563919
0,192789430354158
0,638777833263752
-0,452906563623299
-0,898952385363613
-0,280285052620007
0,108511097314074
0,779602143810877
0,83361279956699
-0,358668831809735
0,0344968433652524
-0,764487168641988
-0,652145050304078
0,0611119498783312
0,557667270096795
0,98547964169899
0,617131239556303
-0,123643386700956
-0,111802535649297
-0,0107184411076449
-0,982782275407939
0,374451957351739
0,485365290886427
-0,665724061273841
-0,94173224081366
0,237265520373949
-0,550596087961735
-0,515554814373867
-0,597137129677989
-0,856603179060204
0,798819086420731
0,883896171061274
-0,236494912410385
-0,59741313271104
0,649045143113027
-0,0161468763910918
-0,0946431630731761
0,356552898584191
-0,92067186251314
0,7790813519522
-0,538435177662613
0,940413162084489
0,626309957181248
-0,62593105604217
0,56672288177848
0,0944768465564012
-0,889032387122993
0,509276550034655
-0,401596775931118
-0,682826494650369
0,666943979294479
0,681291128360336
0,547809524251059
-0,102096417500682
0,10435166075097
0,481340372693418
-0,297650777407759
0,956682352328991
0,878496534134493
-0,211646106658339
0,204594292307549
0,886706249735647
0,035505705995255
0,0565880541953203
0,305266598847353
0,278798431753553
-0,686044306348099
0,581672593756426
-0,361625334882003
-0,993009659458422
0,112232513312359
0,05089147065342
0,694653445712595
-0,335979023639103
0,506722994850354
-0,709540061517404
-0,132505766643447
-0,752497484792256
0,176525883924461
-0,6545014798895
0,0689157178015056
0,655759550470747
0,870250896490296
-0,762969660462332
-0,573985976899968
-0,170569207133059
-0,73837913001812
-0,585102584951139
0,451858838764885
0,981013583941857
-0,672278205711524
-0,525082370045168
0,570002314434388
-0,332143106186829
-0,42551294035535
-0,425141427398259
-0,0950925439107663
-0,430278097014072
0,0688023451104771
-0,712075549975073
-0,2194788470955
-0,470704980879419
-0,129098115083342
-0,408587116472697
0,204940992037272
-0,383947491358941
0,986637682647741
-0,116211452109838
0,391180587648964
-0,186108277731626
-0,386153860663136
-0,545153292615504
-0,21984353159547
0,532998014023992
0,719438175540156
0,548834741836802
-0,983544646754649
-0,201524633542413
-0,369425968904712
-0,524164194019588
0,017177561771673
0,899058278603041
-0,870186245008459
-0,34263891882386
0,679268546253102
-0,362685116642474
0,480889156219032
0,026796551899424
-0,910466083283753
-0,0681355777513867
0,385552482393362
-0,702227669629374
0,178700170097267
-0,111398566100466
0,564977367206
-0,460379301319075
-0,215142334445912
0,278838012962992
0,0320893475003956
0,809961514458974
-0,1572068897808
0,377832322091717
0,0237168273998969
-0,36203288350349
0,367167444604993
0,87287508690398
0,694761161550303
-0,962995699589604
-0,051581281726985
0,0256523178078478
-0,441596780643611
-0,893567910368353
0,93914787189064
-0,407033460869935
0,270746888253254
-0,118537125698541
-0,60051873587096
-0,786459196259481
-0,0878556627257986
-0,432373891320254
0,135163352422027
-0,0401588692516829
-0,205745368826085
-0,540683834599649
0,428339239875013
-0,683926191033761
0,276146537287229
0,891555034504996
0,968020646817992
0,179817476859231
-0,236022923717286
-0,262382659717641
0,766386018957191
-0,179387483363686
0,633042695761213
0,367661106105736
-0,9489972935752
-0,154158914067856
0,850951169548068
-0,0364693268372068
-0,302467424097689
0,724003664089369
0,887384020670962
0,321597358827292
0,491961522722599
0,0987597578665054
-0,503062180012028
0,45552497331776
-0,00111494353092967
-0,769508723993557
-0,53991432373408
0,396449650356755
0,251944223070491
-0,3241879731995
0,575310885708458
-0,777381414443898
-0,00740650995048064
-0,452802513471247
-0,772714103466232
-0,500365265412426
0,572197978185582
-0,35274384699424
0,30252970443225
0,621397173787186
0,0386860692122422
0,219614623682394
0,0540830516508235
-0,286849499348015
0,170364879616706
-0,461425761441433
0,669964411142266
